ID	LENGTH	ALIGNED	UNALIGNED	VARIANT	HET	MASKED	LOWCOV
ERR1066345	2145551	2047693	95482	1042	323	0	2053
ERR1202592	2145551	1943816	193448	9793	507	0	7780
ERR1214598	2145551	1957872	179240	11241	978	0	7461
ERR1214631	2145551	1970957	165579	6642	504	0	8511
ERR1214690	2145551	1935106	200979	11155	906	0	8560
ERR1422633	2145551	2037825	104516	1075	261	0	2949
ERR1422636	2145551	1950876	185112	9076	373	0	9190
ERR1422655	2145551	2038868	101964	1547	274	0	4445
ERR1422664	2145551	1970071	158368	6822	498	0	16614
ERR1453774	2145551	2029448	111509	2288	168	0	4426
ERR1540737	2145551	1901770	236477	9229	624	0	6680
ERR1540747	2145551	1936516	195053	11096	909	0	13073
ERR1788130	2145551	1959210	180405	7924	542	0	5394
ERR1788189	2145551	2020258	119724	5531	448	0	5121
ERR1788478	2145551	1971809	165744	7661	431	0	7567
ERR1788489	2145551	1971071	166987	7660	315	0	7178
ERR2089569	2145551	1958337	173411	7473	403	0	13400
ERR2089655	2145551	2033859	106817	2012	754	0	4121
ERR2090522	2145551	2033471	107856	2019	831	0	3393
ERR2090615	2145551	2031724	108540	2015	831	0	4456
ERR2091114	2145551	2032902	107753	2286	632	0	4264
ERR326399	2145551	1954017	166743	7914	1833	0	22958
ERR326503	2145551	2033000	105119	1467	1367	0	6065
ERR326522	2145551	2018707	117247	5199	1605	0	7992
ERR326538	2145551	1950260	178792	8274	1991	0	14508
ERR326582	2145551	1993493	128916	7786	5095	0	18047
ERR326595	2145551	2036951	102373	986	1172	0	5055
ERR3655219	2145551	2025863	114789	6052	488	0	4411
ERR425398	2145551	2034982	105624	1433	251	0	4694
ERR433536	2145551	2032015	108391	1567	327	0	4818
ERR433775	2145551	2025539	104046	1275	11781	0	4185
ERR490755	2145551	2039838	102669	1518	137	0	2907
ERR568644	2145551	2017883	121156	3651	635	0	5877
ERR568713	2145551	2040341	102016	1152	326	0	2868
ERR568728	2145551	2038079	104580	1145	198	0	2694
ERR570407	2145551	2042176	101007	955	265	0	2103
ERR570449	2145551	2048841	94786	6	154	0	1770
ERR586455	2145551	1946152	174141	5932	739	0	24519
ERR586464	2145551	2042825	100822	1514	148	0	1756
ERR596421	2145551	1998269	140329	5685	618	0	6335
ERR600130	2145551	1953899	176153	5650	615	0	14884
ERR600187	2145551	2028630	112028	1904	357	0	4536
ERR600296	2145551	1898569	231332	6118	776	0	14874
ERR600459	2145551	2040898	101247	1157	246	0	3160
ERR600489	2145551	2027112	114278	2247	272	0	3889
ERR600508	2145551	2041708	100760	890	241	0	2842
ERR600564	2145551	2040127	102417	1508	138	0	2869
ERR600585	2145551	2038528	103314	1122	194	0	3515
ERR600617	2145551	2041883	100956	1506	158	0	2554
ERR632905	2145551	2041647	101338	1504	146	0	2420
ERR632978	2145551	2041469	101538	1068	183	0	2361
ERR633000	2145551	2040506	101961	1513	277	0	2807
ERR633091	2145551	2037461	104015	1713	236	0	3839
ERR646609	2145551	2041443	101969	1205	102	0	2037
ERR701815	2145551	2040742	102253	833	196	0	2360
ERR714488	2145551	2041346	101179	1503	229	0	2797
ERR714523	2145551	2041548	101456	1499	222	0	2325
ERR714540	2145551	2041807	101595	875	240	0	1909
ERR714677	2145551	2040752	102484	1417	259	0	2056
ERR730909	2145551	2040915	101846	988	299	0	2491
ERR736904	2145551	2037716	102309	988	333	0	5193
ERR742338	2145551	1952883	182370	5544	658	0	9640
ERR742340	2145551	2031500	110062	2129	436	0	3553
ERR742362	2145551	2029033	110412	2357	401	0	5705
ERR742422	2145551	2025829	115600	1266	294	0	3828
ERR742437	2145551	2031025	110069	2349	327	0	4130
ERR742461	2145551	2035834	106575	1275	301	0	2841
ERR742482	2145551	2015839	125475	1762	389	0	3848
ERR742640	2145551	2032507	109420	2095	343	0	3281
ERR742837	2145551	2040268	102334	1712	277	0	2672
ERR751097	2145551	2028965	113641	2172	287	0	2658
ERR751101	2145551	2032906	109369	1545	177	0	3099
ERR751171	2145551	2019952	121589	1532	276	0	3734
ERR751176	2145551	2035856	106800	1534	298	0	2597
ERR751178	2145551	2035500	107061	1669	271	0	2719
ERR751182	2145551	2023295	117873	1923	260	0	4123
ERR751193	2145551	2035284	105808	1622	1807	0	2652
ERR751195	2145551	2025099	117559	1526	104	0	2789
ERR773818	2145551	2041299	100722	1094	744	0	2786
ERR773889	2145551	2041171	100823	1094	748	0	2809
ERR773897	2145551	2041080	100743	1094	773	0	2955
ERR773919	2145551	2002122	137424	1664	673	0	5332
ERR773946	2145551	2041475	100856	1469	225	0	2995
ERR774007	2145551	2041299	100484	1090	805	0	2963
ERR774551	2145551	2020730	118759	3783	590	0	5472
ERR876486	2145551	1987386	152295	5094	464	0	5406
ERR876489	2145551	1944266	187484	6091	606	0	13195
ERR876569	2145551	1999902	138667	4060	554	0	6428
ERR876583	2145551	2017900	121485	3683	551	0	5615
ERR876603	2145551	2018644	121625	3851	505	0	4777
ERR876604	2145551	2018782	120826	3851	500	0	5443
ERR876605	2145551	2017404	122787	3682	507	0	4853
ERR876645	2145551	2019887	120732	3787	500	0	4432
ERR876654	2145551	2035505	106175	1520	263	0	3608
ERR876668	2145551	1997679	141321	3853	639	0	5912
ERR876694	2145551	2023333	118600	1515	176	0	3442
ERR876710	2145551	2020616	118990	3503	585	0	5360
ERR876730	2145551	2019686	120754	3690	416	0	4695
ERR876736	2145551	2019782	120454	3638	514	0	4801
ERR876750	2145551	2019284	120886	3712	516	0	4865
ERR876764	2145551	1998810	135529	3784	414	0	10798
ERR876767	2145551	2015215	123080	3645	350	0	6906
ERR876777	2145551	2018660	121341	3641	539	0	5011
ERR884319	2145551	2017899	121531	3637	361	0	5760
ERR884328	2145551	2018589	118867	3636	509	0	7586
ERR884393	2145551	2017810	120421	3635	484	0	6836
ERR884400	2145551	2018764	120544	3663	482	0	5761
ERR884419	2145551	2004563	131193	4303	556	0	9239
ERR884434	2145551	1998766	139464	3895	652	0	6669
ERR884453	2145551	2014673	122748	3871	526	0	7604
ERR884645	2145551	1872982	215633	7857	1322	0	55614
ERR956302	2145551	1899793	232971	5513	573	0	12214
Reference	2145551	2145551	0	0	0	0	0
